349.313    44.766   -68.047    16.736   -41.520
348.385    44.970   -68.088    16.782   -41.721
347.457    45.176   -68.129    16.829   -41.925
346.529    45.384   -68.170    16.876   -42.130
345.601    45.593   -68.211    16.924   -42.336
344.673    45.804   -68.253    16.971   -42.544
343.744    46.017   -68.294    17.019   -42.754
342.815    46.231   -68.335    17.067   -42.965
341.885    46.447   -68.377    17.116   -43.179
340.956    46.665   -68.418    17.164   -43.393
340.026    46.884   -68.460    17.213   -43.610
339.096    47.105   -68.502    17.263   -43.828
338.165    47.328   -68.543    17.312   -44.048
337.235    47.552   -68.585    17.362   -44.269
336.304    47.778   -68.627    17.413   -44.493
335.373    48.007   -68.668    17.463   -44.718
334.441    48.237   -68.710    17.514   -44.945
333.509    48.468   -68.752    17.565   -45.173
332.577    48.702   -68.794    17.617   -45.404
331.645    48.938   -68.835    17.669   -45.637
330.712    49.175   -68.877    17.721   -45.871
329.780    49.415   -68.919    17.774   -46.108
328.847    49.656   -68.961    17.827   -46.346
327.913    49.900   -69.003    17.880   -46.586
326.980    50.145   -69.045    17.934   -46.828
326.046    50.392   -69.086    17.988   -47.073
325.112    50.642   -69.128    18.043   -47.319
324.177    50.894   -69.170    18.098   -47.567
323.243    51.148   -69.212    18.153   -47.818
322.308    51.403   -69.254    18.209   -48.070
321.373    51.662   -69.295    18.265   -48.325
320.437    51.922   -69.337    18.322   -48.582
319.502    52.184   -69.379    18.379   -48.841
318.566    52.449   -69.420    18.436   -49.102
317.630    52.716   -69.462    18.495   -49.366
316.693    52.986   -69.503    18.553   -49.631
315.757    53.257   -69.545    18.612   -49.899
314.820    53.532   -69.586    18.672   -50.170
313.882    53.808   -69.628    18.732   -50.443
312.945    54.087   -69.669    18.792   -50.718
312.007    54.369   -69.710    18.853   -50.995
311.069    54.653   -69.752    18.915   -51.275
310.131    54.939   -69.793    18.977   -51.557
309.193    55.228   -69.834    19.040   -51.842
308.254    55.520   -69.875    19.103   -52.130
307.315    55.814   -69.916    19.167   -52.420
306.376    56.111   -69.956    19.231   -52.712
305.437    56.411   -69.997    19.296   -53.008
304.497    56.713   -70.038    19.362   -53.306
303.557    57.018   -70.078    19.428   -53.606
302.617    57.326   -70.119    19.495   -53.909
301.677    57.637   -70.159    19.563   -54.216
300.736    57.951   -70.199    19.631   -54.524
299.795    58.267   -70.239    19.700   -54.836
298.854    58.587   -70.279    19.770   -55.151
297.913    58.910   -70.319    19.840   -55.468
296.971    59.236   -70.358    19.911   -55.789
296.029    59.564   -70.398    19.983   -56.112
295.087    59.896   -70.437    20.056   -56.439
294.145    60.231   -70.476    20.129   -56.768
293.202    60.570   -70.515    20.204   -57.101
292.260    60.911   -70.554    20.279   -57.437
291.317    61.256   -70.592    20.355   -57.775
290.374    61.604   -70.631    20.431   -58.118
289.430    61.956   -70.669    20.509   -58.463
288.487    62.311   -70.707    20.587   -58.812
287.543    62.670   -70.745    20.667   -59.164
286.599    63.032   -70.783    20.747   -59.520
285.655    63.398   -70.820    20.828   -59.879
284.710    63.767   -70.858    20.910   -60.241
283.765    64.140   -70.895    20.993   -60.607
282.820    64.517   -70.932    21.077   -60.977
281.875    64.898   -70.968    21.163   -61.350
280.930    65.282   -71.005    21.249   -61.727
279.984    65.670   -71.041    21.336   -62.108
279.039    66.063   -71.077    21.424   -62.492
278.093    66.459   -71.112    21.514   -62.881
277.147    66.860   -71.148    21.604   -63.273
276.200    67.264   -71.183    21.696   -63.669
275.254    67.673   -71.218    21.789   -64.070
274.307    68.086   -71.252    21.883   -64.474
273.360    68.504   -71.287    21.978   -64.882
272.413    68.926   -71.321    22.075   -65.295
271.466    69.352   -71.355    22.173   -65.712
270.518    69.783   -71.388    22.272   -66.133
269.570    70.218   -71.421    22.372   -66.559
268.623    70.658   -71.454    22.474   -66.989
267.675    71.103   -71.487    22.577   -67.423
266.726    71.552   -71.519    22.682   -67.862
265.778    72.007   -71.551    22.788   -68.306
264.829    72.466   -71.582    22.895   -68.754
263.881    72.931   -71.614    23.004   -69.208
262.932    73.400   -71.645    23.114   -69.666
261.983    73.875   -71.675    23.226   -70.129
261.033    74.355   -71.706    23.340   -70.596
260.084    74.840   -71.735    23.455   -71.069
259.134    75.330   -71.765    23.572   -71.547
258.184    75.826   -71.794    23.691   -72.031
257.234    76.328   -71.823    23.811   -72.519
256.284    76.836   -71.851    23.933   -73.013
255.334    77.349   -71.879    24.057   -73.512
254.384    77.867   -71.907    24.182   -74.017
253.433    78.392   -71.934    24.310   -74.528
252.483    78.923   -71.961    24.439   -75.044
251.532    79.460   -71.988    24.570   -75.566
250.581    80.003   -72.014    24.704   -76.094
249.630    80.552   -72.040    24.839   -76.627
248.678    81.108   -72.065    24.976   -77.167
247.727    81.671   -72.090    25.116   -77.713
246.775    82.240   -72.114    25.257   -78.265
245.824    82.815   -72.139    25.401   -78.824
244.872    83.398   -72.162    25.547   -79.388
243.920    83.987   -72.185    25.695   -79.960
242.968    84.583   -72.208    25.845   -80.538
242.016    85.187   -72.231    25.998   -81.123
241.064    85.798   -72.252    26.153   -81.714
240.111    86.416   -72.274    26.311   -82.313
239.159    87.041   -72.295    26.471   -82.919
238.206    87.675   -72.316    26.633   -83.532
237.253    88.316   -72.336    26.798   -84.152
236.300    88.964   -72.356    26.966   -84.779
235.348    89.621   -72.375    27.136   -85.414
234.395    90.286   -72.394    27.309   -86.057
233.441    90.959   -72.412    27.485   -86.707
232.488    91.641   -72.430    27.664   -87.365
231.535    92.331   -72.447    27.845   -88.032
230.581    93.030   -72.464    28.030   -88.706
229.628    93.737   -72.481    28.217   -89.389
228.674    94.453   -72.497    28.407   -90.080
227.721    95.179   -72.513    28.601   -90.780
226.767    95.914   -72.528    28.797   -91.488
225.813    96.658   -72.542    28.997   -92.206
224.859    97.412   -72.557    29.200   -92.932
223.905    98.175   -72.571    29.407   -93.667
222.951    98.948   -72.584    29.616   -94.412
221.997    99.732   -72.597    29.829   -95.166
221.043   100.525   -72.609    30.046   -95.930
220.088   101.329   -72.621    30.266   -96.704
219.134   102.144   -72.633    30.490   -97.487
218.180   102.969   -72.644    30.717   -98.281
217.225   103.805   -72.654    30.948   -99.084
216.271   104.653   -72.664    31.184   -99.899
215.316   105.512   -72.674    31.422  -100.724
214.361   106.381   -72.683    31.665  -101.559
213.407   107.263   -72.692    31.911  -102.406
212.452   108.156   -72.700    32.162  -103.264
211.497   109.062   -72.708    32.417  -104.133
210.543   109.981   -72.716    32.677  -105.014
209.588   110.910   -72.723    32.940  -105.906
208.633   111.854   -72.730    33.208  -106.811
207.678   112.810   -72.736    33.480  -107.728
206.723   113.780   -72.742    33.756  -108.657
205.768   114.762   -72.747    34.037  -109.598
204.813   115.759   -72.752    34.324  -110.554
203.858   116.769   -72.757    34.614  -111.521
202.903   117.793   -72.761    34.909  -112.502
201.948   118.833   -72.765    35.210  -113.497
200.993   119.886   -72.768    35.515  -114.505
200.038   120.955   -72.771    35.825  -115.527
199.083   122.037   -72.774    36.140  -116.563
198.127   123.137   -72.776    36.461  -117.615
197.172   124.251   -72.778    36.787  -118.681
196.217   125.381   -72.780    37.118  -119.761
195.262   126.529   -72.781    37.455  -120.858
194.307   127.692   -72.782    37.797  -121.969
193.352   128.872   -72.783    38.145  -123.097
192.396   130.069   -72.783    38.498  -124.241
191.441   131.284   -72.783    38.858  -125.401
190.486   132.516   -72.783    39.223  -126.578
189.531   133.766   -72.783    39.594  -127.772
188.576   135.035   -72.782    39.971  -128.983
187.621   136.323   -72.781    40.355  -130.213
186.665   137.630   -72.780    40.745  -131.460
185.710   138.955   -72.778    41.141  -132.725
184.755   140.301   -72.776    41.544  -134.010
183.800   141.668   -72.774    41.953  -135.314
182.845   143.054   -72.772    42.369  -136.636
181.890   144.461   -72.770    42.791  -137.978
180.935   145.891   -72.767    43.221  -139.341
179.979   147.341   -72.764    43.657  -140.724
179.024   148.813   -72.762    44.101  -142.129
178.069   150.308   -72.758    44.551  -143.554
177.114   151.825   -72.755    45.009  -145.000
176.159   153.366   -72.752    45.474  -146.469
175.204   154.931   -72.749    45.947  -147.961
174.249   156.520   -72.745    46.428  -149.476
173.294   158.133   -72.741    46.916  -151.013
172.339   159.772   -72.738    47.412  -152.575
171.384   161.436   -72.734    47.916  -154.161
170.429   163.125   -72.730    48.427  -155.771
169.475   164.842   -72.726    48.947  -157.407
168.520   166.586   -72.723    49.476  -159.069
167.565   168.357   -72.719    50.013  -160.757
166.610   170.156   -72.715    50.558  -162.471
165.655   171.983   -72.711    51.112  -164.212
164.700   173.840   -72.707    51.675  -165.982
163.746   175.726   -72.704    52.246  -167.779
162.791   177.642   -72.700    52.827  -169.606
161.836   179.590   -72.696    53.416  -171.462
160.881   181.568   -72.693    54.015  -173.347
159.927   183.578   -72.690    54.623  -175.263
158.972   185.621   -72.686    55.241  -177.211
158.017   187.698   -72.683    55.869  -179.190
157.063   189.807   -72.680    56.506  -181.201
156.108   191.952   -72.678    57.153  -183.246
155.153   194.131   -72.675    57.810  -185.323
154.199   196.346   -72.673    58.477  -187.435
153.244   198.598   -72.671    59.155  -189.583
152.289   200.886   -72.669    59.843  -191.765
151.335   203.212   -72.667    60.542  -193.985
150.380   205.577   -72.666    61.251  -196.240
149.426   207.982   -72.665    61.971  -198.535
148.471   210.426   -72.664    62.702  -200.867
147.517   212.911   -72.663    63.445  -203.239
146.562   215.439   -72.663    64.198  -205.651
145.607   218.008   -72.663    64.963  -208.104
144.653   220.620   -72.664    65.740  -210.598
143.698   223.277   -72.665    66.528  -213.135
142.744   225.979   -72.666    67.329  -215.716
141.789   228.726   -72.668    68.141  -218.340
140.835   231.521   -72.670    68.965  -221.011
139.880   234.363   -72.672    69.802  -223.726
138.925   237.252   -72.675    70.651  -226.489
137.971   240.193   -72.679    71.513  -229.300
137.016   243.183   -72.683    72.387  -232.160
136.062   246.226   -72.687    73.275  -235.070
135.107   249.320   -72.692    74.176  -238.030
134.152   252.468   -72.697    75.090  -241.042
133.197   255.670   -72.703    76.017  -244.108
132.243   258.928   -72.709    76.958  -247.228
131.288   262.243   -72.716    77.913  -250.402
130.333   265.616   -72.724    78.881  -253.633
129.378   269.049   -72.732    79.864  -256.922
128.423   272.540   -72.741    80.861  -260.269
127.468   276.094   -72.750    81.872  -263.676
126.513   279.711   -72.760    82.898  -267.144
125.558   283.391   -72.771    83.939  -270.675
124.603   287.136   -72.782    84.995  -274.268
123.648   290.948   -72.794    86.065  -277.927
122.693   294.827   -72.806    87.151  -281.652
121.737   298.776   -72.820    88.253  -285.445
120.782   302.795   -72.833    89.370  -289.306
119.827   306.886   -72.848    90.503  -293.237
118.871   311.051   -72.863    91.652  -297.242
117.915   315.290   -72.879    92.816  -301.319
116.960   319.606   -72.896    93.998  -305.470
116.004   324.000   -72.914    95.195  -309.699
115.048   328.473   -72.932    96.410  -314.006
114.092   333.027   -72.951    97.641  -318.392
113.136   337.664   -72.971    98.890  -322.859
112.180   342.386   -72.991   100.155  -327.410
111.224   347.194   -73.012   101.438  -332.045
110.267   352.090   -73.034   102.739  -336.767
109.311   357.075   -73.057   104.057  -341.577
108.354   362.152   -73.081   105.394  -346.477
107.398   367.323   -73.105   106.748  -351.469
106.441   372.589   -73.131   108.121  -356.556
105.484   377.952   -73.157   109.512  -361.738
104.527   383.414   -73.184   110.922  -367.019
103.570   388.978   -73.212   112.351  -372.399
102.612   394.646   -73.240   113.800  -377.883
101.655   400.419   -73.270   115.267  -383.470
100.697   406.299   -73.300   116.754  -389.163
 99.739   412.291   -73.331   118.260  -394.966
 98.781   418.394   -73.363   119.786  -400.880
 97.823   424.612   -73.396   121.333  -406.907
 96.865   430.947   -73.430   122.899  -413.051
 95.906   437.401   -73.465   124.486  -419.312
 94.948   443.977   -73.500   126.093  -425.695
 93.989   450.678   -73.537   127.721  -432.201
 93.030   457.506   -73.574   129.371  -438.834
 92.071   464.463   -73.612   131.041  -445.595
 91.111   471.554   -73.651   132.733  -452.488
 90.152   478.779   -73.691   134.446  -459.515
 89.192   486.143   -73.732   136.181  -466.680
 88.232   493.648   -73.774   137.937  -473.985
 87.272   501.297   -73.817   139.716  -481.433
 86.312   509.094   -73.860   141.517  -489.029
 85.351   517.040   -73.905   143.341  -496.773
 84.390   525.140   -73.950   145.187  -504.671
 83.429   533.397   -73.996   147.056  -512.725
 82.468   541.813   -74.044   148.947  -520.938
 81.507   550.393   -74.092   150.862  -529.314
 80.545   559.141   -74.141   152.800  -537.857
 79.583   568.058   -74.190   154.762  -546.570
 78.621   577.150   -74.241   156.747  -555.457
 77.658   586.419   -74.293   158.756  -564.521
 76.696   595.871   -74.345   160.789  -573.768
 75.733   605.509   -74.399   162.846  -583.201
 74.770   615.336   -74.453   164.927  -592.822
 73.806   625.357   -74.508   167.033  -602.637
 72.843   635.576   -74.564   169.163  -612.651
 71.879   645.997   -74.621   171.318  -622.866
 70.915   656.625   -74.679   173.498  -633.289
 69.950   667.464   -74.738   175.703  -643.923
 68.985   678.520   -74.797   177.933  -654.774
 68.020   689.796   -74.858   180.188  -665.846
 67.055   701.296   -74.919   182.469  -677.142
 66.090   713.028   -74.981   184.775  -688.670
 65.124   724.994   -75.044   187.107  -700.433
 64.158   737.201   -75.108   189.464  -712.439
 63.191   749.654   -75.172   191.847  -724.690
 62.224   762.358   -75.238   194.257  -737.194
 61.258   775.320   -75.304   196.692  -749.955
 60.290   788.543   -75.371   199.153  -762.979
 59.323   802.035   -75.439   201.641  -776.274
 58.355   815.801   -75.508   204.155  -789.843
 57.387   829.847   -75.577   206.695  -803.694
 56.418   844.180   -75.647   209.262  -817.832
 55.449   858.806   -75.719   211.855  -832.266
 54.480   873.732   -75.790   214.474  -846.999
 53.511   888.963   -75.863   217.120  -862.041
 52.541   904.508   -75.937   219.793  -877.397
 51.571   920.372   -76.011   222.492  -893.075
 50.601   936.564   -76.086   225.217  -909.082
 49.630   953.091   -76.161   227.970  -925.425
 48.659   969.960   -76.238   230.748  -942.114
 47.688   987.179   -76.315   233.553  -959.154
 46.716  1004.756   -76.393   236.384  -976.554
 45.744  1022.703   -76.471   239.244  -994.325
 44.772  1041.010   -76.551   242.125 -1012.462
 43.800  1059.719   -76.631   245.038 -1031.000
 42.827  1078.808   -76.711   247.974 -1049.922
 41.853  1098.298   -76.793   250.936 -1069.247
 40.880  1118.200   -76.875   253.924 -1088.988
 39.906  1138.514   -76.957   256.936 -1109.143
 38.932  1159.261   -77.041   259.976 -1129.734
 37.957  1180.451   -77.125   263.042 -1150.771
 36.983  1202.085   -77.209   266.131 -1172.256
 36.007  1224.183   -77.294   269.248 -1194.207
 35.032  1246.746   -77.380   272.387 -1216.627
 34.056  1269.785   -77.467   275.550 -1239.526
 33.080  1293.319   -77.554   278.738 -1262.925
 32.103  1317.360   -77.642   281.952 -1286.834
 31.127  1341.909   -77.730   285.186 -1311.255
 30.149  1366.985   -77.819   288.445 -1336.207
 29.172  1392.601   -77.908   291.727 -1361.702
 28.194  1418.765   -77.998   295.031 -1387.751
 27.216  1445.501   -78.088   298.357 -1414.374
 26.237  1472.807   -78.179   301.705 -1441.573
 25.259  1500.705   -78.271   305.074 -1469.369
 24.280  1529.205   -78.363   308.462 -1497.772
 23.300  1558.320   -78.455   311.870 -1526.793
 22.320  1588.078   -78.548   315.300 -1556.463
 21.340  1618.482   -78.642   318.748 -1586.785
 20.360  1649.543   -78.736   322.213 -1617.767
 19.379  1681.281   -78.830   325.694 -1649.433
 18.398  1713.718   -78.925   329.194 -1681.802
 17.417  1746.874   -79.020   332.712 -1714.896
 16.435  1780.750   -79.116   336.244 -1748.717
 15.453  1815.369   -79.212   339.788 -1783.286
 14.471  1850.760   -79.309   343.349 -1818.633
 13.488  1886.926   -79.406   346.920 -1854.761
 12.505  1923.888   -79.503   350.502 -1891.690
 11.522  1961.676   -79.601   354.097 -1929.453
 10.538  2000.303   -79.699   357.702 -1968.060
  9.554  2039.789   -79.797   361.316 -2007.534
  8.570  2080.147   -79.896   364.935 -2047.885
  7.586  2121.417   -79.995   368.564 -2089.156
  6.601  2163.602   -80.094   372.195 -2131.348
  5.616  2206.733   -80.194   375.830 -2174.494
  4.630  2250.831   -80.294   379.469 -2218.613
  3.645  2295.919   -80.394   383.109 -2263.730
  2.659  2342.028   -80.495   386.750 -2309.875
  1.673  2389.171   -80.596   390.387 -2357.061
  0.686  2437.369   -80.697   394.018 -2405.310
